1 3 48
1 4 48
1 5 48
1 6 48
1 10 48
1 11 48
1 12 48
1 13 48
1 14 48
1 15 48
1 16 48
1 17 48
1 19 48
1 20 48
3 1 48
3 4 48
3 5 48
3 6 48
3 10 48
3 11 48
3 12 48
3 13 48
3 14 48
3 15 48
3 16 48
3 17 48
3 19 48
3 20 48
4 1 48
4 3 48
4 5 48
4 6 48
4 10 48
4 11 48
4 12 48
4 13 48
4 14 48
4 15 48
4 16 48
4 17 48
4 19 48
4 20 48
5 1 48
5 3 48
5 4 48
5 6 48
5 10 48
5 11 48
5 12 48
5 13 48
5 14 48
5 15 48
5 16 48
5 17 48
5 19 48
5 20 48
6 1 48
6 3 48
6 4 48
6 5 48
6 10 48
6 11 48
6 12 48
6 13 48
6 14 48
6 15 48
6 16 48
6 17 48
6 19 48
6 20 48
10 1 48
10 3 48
10 4 48
10 5 48
10 6 48
10 11 48
10 12 48
10 13 48
10 14 48
10 15 48
10 16 48
10 17 48
10 19 48
10 20 48
11 1 48
11 3 48
11 4 48
11 5 48
11 6 48
11 10 48
11 12 48
11 13 48
11 14 48
11 15 48
11 16 48
11 17 48
11 19 48
11 20 48
12 1 48
12 3 48
12 4 48
12 5 48
12 6 48
12 10 48
12 11 48
12 13 48
12 14 48
12 15 48
12 16 48
12 17 48
12 19 48
12 20 48
13 1 48
13 3 48
13 4 48
13 5 48
13 6 48
13 10 48
13 11 48
13 12 48
13 14 48
13 15 48
13 16 48
13 17 48
13 19 48
13 20 48
14 1 48
14 3 48
14 4 48
14 5 48
14 6 48
14 10 48
14 11 48
14 12 48
14 13 48
14 15 48
14 16 48
14 17 48
14 19 48
14 20 48
15 1 48
15 3 48
15 4 48
15 5 48
15 6 48
15 10 48
15 11 48
15 12 48
15 13 48
15 14 48
15 16 48
15 17 48
15 19 48
15 20 48
16 1 48
16 3 48
16 4 48
16 5 48
16 6 48
16 10 48
16 11 48
16 12 48
16 13 48
16 14 48
16 15 48
16 17 48
16 19 48
16 20 48
17 1 48
17 3 48
17 4 48
17 5 48
17 6 48
17 10 48
17 11 48
17 12 48
17 13 48
17 14 48
17 15 48
17 16 48
17 19 48
17 20 48
19 1 48
19 3 48
19 4 48
19 5 48
19 6 48
19 10 48
19 11 48
19 12 48
19 13 48
19 14 48
19 15 48
19 16 48
19 17 48
19 20 48
20 1 48
20 3 48
20 4 48
20 5 48
20 6 48
20 10 48
20 11 48
20 12 48
20 13 48
20 14 48
20 15 48
20 16 48
20 17 48
20 19 48
